%YAML:1.0
---
hog_detector: !!opencv-object-detector-hog
   winSize: [ 64, 128 ]
   blockSize: [ 16, 16 ]
   blockStride: [ 8, 8 ]
   cellSize: [ 8, 8 ]
   nbins: 9
   derivAperture: 1
   winSigma: 4.
   histogramNormType: 0
   L2HysThreshold: 2.0000000000000001e-01
   gammaCorrection: 1
   nlevels: 64
   signedGradient: 0
   SVMDetector: [ 1.54081907e-03, -1.51336147e-03, -1.13599896e-02,
       2.56471871e-03, -3.81168649e-02, 9.12644807e-03, -2.94035487e-02,
       -2.79661603e-02, -2.12176442e-02, -2.37348629e-03, 8.16563983e-03,
       2.26026308e-02, 1.64330266e-02, -1.92147307e-02, -1.25885522e-02,
       -5.28224744e-02, -4.25481796e-02, -1.90693568e-02,
       -1.53377419e-02, 1.63972788e-02, 1.53130824e-02, 3.40874642e-02,
       -2.57121921e-02, 5.39796939e-03, -3.19910981e-02, -1.60550363e-02,
       -2.13746428e-02, -5.91768278e-03, 2.87841950e-02, 2.03791931e-02,
       2.89992746e-02, -7.02543370e-03, 1.29939513e-02, -5.10761961e-02,
       -4.68923002e-02, -1.55402534e-02, -1.23825585e-02, 2.14799307e-02,
       1.61234029e-02, 1.30074853e-02, 1.42889442e-02, -8.97089485e-03,
       -5.31438105e-02, -4.75693271e-02, -2.73296013e-02,
       -2.98803691e-02, 2.38262434e-02, -8.67280003e-04, 8.91907606e-03,
       4.79873968e-03, -4.29082487e-04, -2.89451350e-02, -4.89894599e-02,
       -4.43288274e-02, -2.18346552e-03, 1.03561170e-02, 4.43773111e-03,
       1.78005863e-02, 8.52093846e-03, 1.40995309e-02, -5.37153929e-02,
       -4.59188372e-02, -2.27680989e-02, -3.08546834e-02,
       -1.30807597e-03, -1.80918835e-02, 1.00007504e-02, 1.08299628e-02,
       1.54881869e-02, -3.29901353e-02, -3.99414822e-02, -4.41315323e-02,
       -1.52211199e-02, 3.12207453e-02, 1.42645622e-02, 2.26423051e-02,
       -9.13666375e-03, 1.27474740e-02, -1.46246236e-02, -2.90984139e-02,
       -2.89166756e-02, -1.54166874e-02, 3.53421271e-02, 1.73219070e-02,
       3.88125591e-02, -2.20992528e-02, -5.90362074e-03, -4.46145125e-02,
       -2.79611964e-02, -2.66683288e-02, -1.42744975e-02, 2.20682919e-02,
       1.67458374e-02, 1.92057490e-02, -1.84750371e-03, 1.30895367e-02,
       -1.01397168e-02, -2.53295880e-02, -4.10088450e-02,
       -1.12555008e-02, 1.78569742e-02, -3.72291380e-03, 1.30678564e-02,
       -2.04074290e-02, -4.27884143e-03, -3.68332490e-02,
       -1.75632071e-02, -2.89889593e-02, 4.90672304e-04, 4.35887910e-02,
       2.31987499e-02, 3.07618920e-02, -1.06739337e-02, -1.12565150e-02,
       -4.69355658e-02, -2.13224087e-02, -2.25903634e-02, 1.30962096e-02,
       5.63525371e-02, 1.69407111e-02, 2.32894160e-02, -8.45908560e-03,
       1.14803168e-03, -3.22574452e-02, -3.07498667e-02, -2.17623971e-02,
       4.42712614e-03, 3.14482041e-02, 1.07187647e-02, 1.29686026e-02,
       -5.91328787e-03, 1.68209348e-03, -3.38266194e-02, -1.33186579e-02,
       -1.41265858e-02, 1.84529498e-02, 6.34780228e-02, 8.52813199e-03,
       -1.40127051e-03, -6.65918645e-03, 1.05508028e-04, -4.64424156e-02,
       -2.73020454e-02, -9.45213530e-03, 2.72903424e-02, 5.40924110e-02,
       2.23745629e-02, 1.05986223e-02, -2.21515577e-02, -2.42909254e-03,
       -1.78781934e-02, -2.01641973e-02, -7.08510447e-03, 1.63344257e-02,
       5.60290441e-02, 1.18673434e-02, 9.36810160e-04, -1.64725333e-02,
       -1.35422088e-02, -4.00537252e-02, -2.97723021e-02,
       -1.82904992e-02, 2.36743838e-02, 5.04045933e-02, 3.79042095e-03,
       -4.12885891e-03, -1.44397281e-02, -7.33635435e-03,
       -2.59352606e-02, -2.49901395e-02, -5.39796706e-03, 1.35959499e-02,
       3.07872798e-02, -4.17218311e-03, -3.55396862e-03, -1.54099949e-02,
       -9.52911098e-03, -2.68756878e-02, -2.53907219e-02,
       -1.83389299e-02, 1.18249599e-02, 6.99116290e-02, 4.05582637e-02,
       1.87255852e-02, -2.45182612e-03, -5.36209485e-03, -3.69207971e-02,
       -2.82402523e-02, -2.96676029e-02, 2.33460702e-02, 8.49356800e-02,
       2.56328844e-02, -1.67227618e-03, -5.78529574e-03, 7.54375383e-03,
       -3.85074392e-02, -2.07010675e-02, -2.34169830e-02, 2.19838563e-02,
       4.83572036e-02, 1.97167359e-02, -7.05342786e-03, -1.09081008e-02,
       3.75475432e-03, -1.42354667e-02, -1.94918942e-02, -2.03538574e-02,
       2.24676710e-02, 4.40383479e-02, -7.49036158e-03, -1.06464298e-02,
       -3.80783752e-02, 4.48420469e-04, -4.19386551e-02, -2.16807723e-02,
       -1.12817716e-02, 1.30654182e-02, 5.26700728e-02, 1.56602934e-02,
       3.69173754e-03, 1.60408709e-02, 1.64073780e-02, -2.75724046e-02,
       -9.23192874e-03, -2.58724559e-02, 1.07381484e-02, 5.26898466e-02,
       9.61791631e-03, 6.54535089e-03, -1.75000355e-02, 1.23659300e-03,
       -3.14052515e-02, -1.50275081e-02, -2.72649564e-02, 7.18869688e-03,
       3.35099325e-02, -1.15035195e-02, -9.26269032e-03, -1.07599981e-02,
       2.88063474e-03, -5.11774905e-02, -2.66312975e-02, -2.45897807e-02,
       2.47816235e-04, 3.44190113e-02, -7.49541633e-03, 2.04127585e-03,
       -4.90439124e-03, -7.83302169e-03, -5.15181571e-02,
       -1.44739328e-02, -2.94464864e-02, 1.43325301e-02, 5.34720421e-02,
       2.10788418e-02, 1.22695239e-02, 4.87789366e-04, 3.33462702e-03,
       -2.92406995e-02, -1.90694239e-02, -3.08509320e-02, 2.31226441e-02,
       6.13240190e-02, 1.01709170e-02, -4.03443957e-03, -3.87625992e-02,
       -2.42085736e-02, -4.51896004e-02, -1.53996563e-02,
       -2.65128948e-02, 1.65691576e-03, 4.25004289e-02, 1.16286464e-02,
       1.95576902e-02, 1.19514875e-02, -6.56438572e-03, -4.44941670e-02,
       -1.94157716e-02, -3.26411761e-02, 1.41385570e-02, 5.35803139e-02,
       1.48903755e-02, 1.45647931e-03, -3.16527002e-02, -1.13545358e-03,
       -4.65345159e-02, -2.19662841e-02, -3.58590484e-02, 1.68523025e-02,
       7.02074766e-02, 2.65929140e-02, 7.91847892e-03, -1.35805756e-02,
       -1.41224302e-02, -2.75494196e-02, -4.61098971e-03,
       -1.82838067e-02, -2.61189952e-03, 5.77892214e-02, 1.51355304e-02,
       4.45529865e-03, -6.61993353e-03, -1.19983836e-03, -2.17283331e-02,
       -4.78366530e-03, -1.64832473e-02, 9.73810628e-03, 6.03059605e-02,
       2.17898972e-02, 9.25424509e-03, -9.88928694e-03, -8.83203465e-03,
       -3.06393001e-02, -6.36007776e-03, -1.91746410e-02,
       -9.30782687e-03, 4.54944260e-02, 2.26731170e-02, 1.28056165e-02,
       -1.94069911e-02, 1.35522708e-02, -1.35533260e-02, -5.24423458e-03,
       -2.68567242e-02, -4.95423516e-03, 4.91658077e-02, 2.82700714e-02,
       2.45174896e-02, 1.40497303e-02, 9.38033778e-03, -3.32623720e-03,
       1.00021334e-02, -1.12383189e-02, 8.25327076e-03, 5.27732447e-02,
       2.62698978e-02, 4.74407384e-03, -2.36653523e-05, 7.00936513e-03,
       -8.09475873e-03, 1.46597186e-02, 2.14750879e-03, 6.35174615e-03,
       5.48088700e-02, 3.51086482e-02, 1.01083629e-02, -1.16089107e-02,
       1.29645756e-02, -8.29241611e-03, 1.94048719e-03, -2.15212945e-02,
       1.11481715e-02, 5.45894802e-02, 6.48476137e-03, -6.10619923e-03,
       -1.71309412e-02, -2.30798218e-03, -1.22670028e-02,
       -1.80887873e-04, -1.07467594e-02, 1.07683754e-02, 5.64311743e-02,
       3.63600366e-02, 8.32697283e-03, 1.16482638e-02, 2.11763270e-02,
       -9.65023786e-03, 6.36567501e-03, 4.03073244e-03, 1.68568231e-02,
       5.24728745e-02, 4.25422639e-02, 2.69396622e-02, -5.94411045e-04,
       1.01464875e-02, -2.48544235e-02, -1.24950660e-02, -1.66797056e-03,
       1.05817569e-03, 4.15102318e-02, 1.38920974e-02, -1.15196081e-02,
       -8.47043283e-03, 2.65900907e-03, -1.61722936e-02, -5.35169616e-04,
       -9.51878540e-03, 1.09599286e-03, 2.12805662e-02, 1.59287080e-03,
       -5.38630411e-03, -1.79658830e-02, -1.34879686e-02,
       -4.06090505e-02, -2.20243577e-02, -1.07594384e-02, 1.20180286e-02,
       5.67839891e-02, 3.36834751e-02, 2.30873544e-02, 1.52112218e-02,
       9.86965746e-03, -2.47217696e-02, -1.72440223e-02, -1.05679473e-02,
       9.16625746e-03, 5.80359101e-02, 1.81471966e-02, 2.72237044e-03,
       -2.74781790e-03, 1.70470960e-02, -2.19475534e-02, -4.94820531e-03,
       -1.40635076e-03, 1.34284925e-02, 2.24690959e-02, 3.18813534e-03,
